DocID Label
1 1
2 6
5 2
6 5
11 5
12 5
13 1
14 2
17 4
19 5
20 5
22 5
23 1
28 2
30 6
32 1
34 1
36 1
37 2
40 4
41 4
45 6
48 2
51 5
55 5
57 1
59 2
62 4
64 1
69 6
72 6
73 4
79 1
80 1
81 1
82 5
83 5
86 5
88 6
89 6
90 3
91 1
92 1
93 5
96 1
100 2
106 5
107 5
109 3
112 1
114 4
115 6
117 1
125 1
128 1
131 2
136 1
137 1
138 5
143 4
150 1
151 5
153 5
154 4
155 1
156 3
159 5
163 1
165 2
166 1
171 1
174 3
177 1
178 3
182 3
186 3
190 2
191 1
192 1
194 1
195 5
196 5
202 3
211 4
213 1
215 1
216 1
220 5
223 5
235 2
237 5
238 5
239 5
240 4
245 5
248 2
255 4
256 4
257 4
258 1
261 1
268 1
271 1
274 1
275 1
277 1
281 1
282 1
283 2
285 5
286 5
287 5
288 5
289 4
292 2
294 5
296 5
298 1
299 3
300 2
303 5
304 1
309 4
310 4
312 4
314 5
315 5
316 5
322 5
323 5
326 1
327 1
328 1
329 1
336 6
339 2
343 5
344 5
346 1
347 2
348 1
349 2
350 2
356 6
360 1
364 2
365 1
368 5
369 5
370 5
373 1
377 2
378 6
383 1
387 1
389 5
390 5
391 1
395 5
396 5
399 3
402 1
403 6
406 4
409 5
410 5
412 5
413 5
416 3
